image_width: 640
image_height: 480
camera_name: camera
camera_matrix:
  rows: 3
  cols: 3
  data: [615.117452, 0.000000, 288.502509, 0.000000, 619.229500, 228.562775, 0.000000, 0.000000, 1.000000]
distortion_model: plumb_bob
distortion_coefficients:
  rows: 1
  cols: 5
  data: [0.040028, -0.129242, -0.001657, -0.004912, 0.000000]
rectification_matrix:
  rows: 3
  cols: 3
  data: [1.000000, 0.000000, 0.000000, 0.000000, 1.000000, 0.000000, 0.000000, 0.000000, 1.000000]
projection_matrix:
  rows: 3
  cols: 4
  data: [614.532715, 0.000000, 285.440141, 0.000000, 0.000000, 622.318542, 227.962618, 0.000000, 0.000000, 0.000000, 1.000000, 0.000000]
